
%
% Training samples for the Mackay-Glass data set.
%
% $Id: mkgl_trn.m,v 1.1 1998/03/19 05:48:58 jak Exp $
%
% 

mkglass_train = [
    0.954308, 1.00246, 1.14221, 1.13967, 1.05497;
    0.944778, 1.04084, 1.1394, 1.1473, 1.05024;
    0.938619, 1.079, 1.13514, 1.15493, 1.04614;
    0.939092, 1.11017, 1.13191, 1.15992, 1.04561;
    0.949183, 1.1306, 1.13129, 1.15881, 1.05147;
    0.970568, 1.14042, 1.13396, 1.14772, 1.06578;
    1.00246, 1.14221, 1.13967, 1.12385, 1.0889;
    1.04084, 1.1394, 1.1473, 1.08762, 1.11854;
    1.079, 1.13514, 1.15493, 1.04284, 1.14927;
    1.11017, 1.13191, 1.15992, 0.99448, 1.17367;
    1.1306, 1.13129, 1.15881, 0.946687, 1.18547;
    1.14042, 1.13396, 1.14772, 0.902137, 1.18238;
    1.14221, 1.13967, 1.12385, 0.86218, 1.16623;
    1.1394, 1.1473, 1.08762, 0.827122, 1.14104;
    1.13514, 1.15493, 1.04284, 0.796481, 1.11109;
    1.13191, 1.15992, 0.99448, 0.769254, 1.07999;
    1.13129, 1.15881, 0.946687, 0.744224, 1.05043;
    1.13396, 1.14772, 0.902137, 0.720273, 1.02413;
    1.13967, 1.12385, 0.86218, 0.696664, 1.00189;
    1.1473, 1.08762, 0.827122, 0.673214, 0.983478;
    1.15493, 1.04284, 0.796481, 0.650379, 0.967636;
    1.15992, 0.99448, 0.769254, 0.629317, 0.95211;
    1.15881, 0.946687, 0.744224, 0.612032, 0.933996;
    1.14772, 0.902137, 0.720273, 0.601542, 0.910488;
    1.12385, 0.86218, 0.696664, 0.601752, 0.879998;
    1.08762, 0.827122, 0.673214, 0.616533, 0.843114;
    1.04284, 0.796481, 0.650379, 0.647841, 0.802488;
    0.99448, 0.769254, 0.629317, 0.694019, 0.761704;
    0.946687, 0.744224, 0.612032, 0.750082, 0.724193;
    0.902137, 0.720273, 0.601542, 0.809993, 0.692831;
    0.86218, 0.696664, 0.601752, 0.868836, 0.669938;
    0.827122, 0.673214, 0.616533, 0.923555, 0.657238;
    0.796481, 0.650379, 0.647841, 0.972635, 0.655625;
    0.769254, 0.629317, 0.694019, 1.01549, 0.664891;
    0.744224, 0.612032, 0.750082, 1.052, 0.683682;
    0.720273, 0.601542, 0.809993, 1.08221, 0.709851;
    0.696664, 0.601752, 0.868836, 1.1063, 0.741077;
    0.673214, 0.616533, 0.923555, 1.12456, 0.775475;
    0.650379, 0.647841, 0.972635, 1.13751, 0.812002;
    0.629317, 0.694019, 1.01549, 1.146, 0.850543;
    0.612032, 0.750082, 1.052, 1.15133, 0.89157;
    0.601542, 0.809993, 1.08221, 1.15539, 0.935252;
    0.601752, 0.868836, 1.1063, 1.16063, 0.980386;
    0.616533, 0.923555, 1.12456, 1.16963, 1.0242;
    0.647841, 0.972635, 1.13751, 1.18426, 1.06355;
    0.694019, 1.01549, 1.146, 1.20438, 1.09636;
    0.750082, 1.052, 1.15133, 1.22678, 1.12216;
    0.809993, 1.08221, 1.15539, 1.24526, 1.14183;
    0.868836, 1.1063, 1.16063, 1.25291, 1.15705;
    0.923555, 1.12456, 1.16963, 1.24534, 1.16988;
    0.972635, 1.13751, 1.18426, 1.22225, 1.18229;
    1.01549, 1.146, 1.20438, 1.18644, 1.19587;
    1.052, 1.15133, 1.22678, 1.14188, 1.2115;
    1.08221, 1.15539, 1.24526, 1.09238, 1.22922;
    1.1063, 1.16063, 1.25291, 1.04101, 1.24821;
    1.12456, 1.16963, 1.24534, 0.990076, 1.26681;
    1.13751, 1.18426, 1.22225, 0.941132, 1.28254;
    1.146, 1.20438, 1.18644, 0.895106, 1.29212;
    1.15133, 1.22678, 1.14188, 0.852307, 1.2916;
    1.15539, 1.24526, 1.09238, 0.812411, 1.27739;
    1.16063, 1.25291, 1.04101, 0.774489, 1.24818;
    1.16963, 1.24534, 0.990076, 0.737268, 1.20597;
    1.18426, 1.22225, 0.941132, 0.69967, 1.15489;
    1.20438, 1.18644, 0.895106, 0.661422, 1.09923;
    1.22678, 1.14188, 0.852307, 0.623309, 1.04227;
    1.24526, 1.09238, 0.812411, 0.586916, 0.986115;
    1.25291, 1.04101, 0.774489, 0.554201, 0.931849;
    1.24534, 0.990076, 0.737268, 0.527311, 0.8798;
    1.22225, 0.941132, 0.69967, 0.508695, 0.829829;
    1.18644, 0.895106, 0.661422, 0.501233, 0.781599;
    1.14188, 0.852307, 0.623309, 0.508055, 0.734816;
    1.09238, 0.812411, 0.586916, 0.531654, 0.689388;
    1.04101, 0.774489, 0.554201, 0.572413, 0.64548;
    0.990076, 0.737268, 0.527311, 0.627528, 0.603492;
    0.941132, 0.69967, 0.508695, 0.691561, 0.564022;
    0.895106, 0.661422, 0.501233, 0.758385, 0.527879;
    0.852307, 0.623309, 0.508055, 0.822943, 0.496181;
    0.812411, 0.586916, 0.531654, 0.881859, 0.470526;
    0.774489, 0.554201, 0.572413, 0.933149, 0.453199;
    0.737268, 0.527311, 0.627528, 0.975716, 0.44729;
    0.69967, 0.508695, 0.691561, 1.00904, 0.456437;
    0.661422, 0.501233, 0.758385, 1.0331, 0.483725;
    0.623309, 0.508055, 0.822943, 1.04845, 0.529778;
    0.586916, 0.531654, 0.881859, 1.05615, 0.591317;
    0.554201, 0.572413, 0.933149, 1.05769, 0.661802;
    0.527311, 0.627528, 0.975716, 1.05497, 0.73383;
    0.508695, 0.691561, 1.00904, 1.05024, 0.801316;
    0.501233, 0.758385, 1.0331, 1.04614, 0.860324;
    0.508055, 0.822943, 1.04845, 1.04561, 0.908876;
    0.531654, 0.881859, 1.05615, 1.05147, 0.946417;
    0.572413, 0.933149, 1.05769, 1.06578, 0.973307;
    0.627528, 0.975716, 1.05497, 1.0889, 0.990449;
    0.691561, 1.00904, 1.05024, 1.11854, 0.999067;
    0.758385, 1.0331, 1.04614, 1.14927, 1.0006;
    0.822943, 1.04845, 1.04561, 1.17367, 0.996674;
    0.881859, 1.05615, 1.05147, 1.18547, 0.98919;
    0.933149, 1.05769, 1.06578, 1.18238, 0.9804;
    0.975716, 1.05497, 1.0889, 1.16623, 0.97301;
    1.00904, 1.05024, 1.11854, 1.14104, 0.970114;
    1.0331, 1.04614, 1.14927, 1.11109, 0.974808;
    1.04845, 1.04561, 1.17367, 1.07999, 0.989431;
    1.05615, 1.05147, 1.18547, 1.05043, 1.01459;
    1.05769, 1.06578, 1.18238, 1.02413, 1.0482;
    1.05497, 1.0889, 1.16623, 1.00189, 1.085;
    1.05024, 1.11854, 1.14104, 0.983478, 1.11767;
    1.04614, 1.14927, 1.11109, 0.967636, 1.14006;
    1.04561, 1.17367, 1.07999, 0.95211, 1.14998;
    1.05147, 1.18547, 1.05043, 0.933996, 1.14901;
    1.06578, 1.18238, 1.02413, 0.910488, 1.14066;
    1.0889, 1.16623, 1.00189, 0.879998, 1.12867;
    1.11854, 1.14104, 0.983478, 0.843114, 1.11624;
    1.14927, 1.11109, 0.967636, 0.802488, 1.10572;
    1.17367, 1.07999, 0.95211, 0.761704, 1.09857;
    1.18547, 1.05043, 0.933996, 0.724193, 1.09526;
    1.18238, 1.02413, 0.910488, 0.692831, 1.09525;
    1.16623, 1.00189, 0.879998, 0.669938, 1.09701;
    1.14104, 0.983478, 0.843114, 0.657238, 1.09807;
    1.11109, 0.967636, 0.802488, 0.655625, 1.09516;
    1.07999, 0.95211, 0.761704, 0.664891, 1.08458;
    1.05043, 0.933996, 0.724193, 0.683682, 1.06327;
    1.02413, 0.910488, 0.692831, 0.709851, 1.03054;
    1.00189, 0.879998, 0.669938, 0.741077, 0.988986;
    0.983478, 0.843114, 0.657238, 0.775475, 0.943179;
    0.967636, 0.802488, 0.655625, 0.812002, 0.897592;
    0.95211, 0.761704, 0.664891, 0.850543, 0.855524;
    0.933996, 0.724193, 0.683682, 0.89157, 0.819011;
    0.910488, 0.692831, 0.709851, 0.935252, 0.789006;
    0.879998, 0.669938, 0.741077, 0.980386, 0.765536;
    0.843114, 0.657238, 0.775475, 1.0242, 0.747839;
    0.802488, 0.655625, 0.812002, 1.06355, 0.734581;
    0.761704, 0.664891, 0.850543, 1.09636, 0.724174;
    0.724193, 0.683682, 0.89157, 1.12216, 0.715164;
    0.692831, 0.709851, 0.935252, 1.14183, 0.7066;
    0.669938, 0.741077, 0.980386, 1.15705, 0.698332;
    0.657238, 0.775475, 1.0242, 1.16988, 0.691209;
    0.655625, 0.812002, 1.06355, 1.18229, 0.687228;
    0.664891, 0.850543, 1.09636, 1.19587, 0.689572;
    0.683682, 0.89157, 1.12216, 1.2115, 0.702187;
    0.709851, 0.935252, 1.14183, 1.22922, 0.728301;
    0.741077, 0.980386, 1.15705, 1.24821, 0.768197;
    0.775475, 1.0242, 1.16988, 1.26681, 0.818235;
    0.812002, 1.06355, 1.18229, 1.28254, 0.872587;
    0.850543, 1.09636, 1.19587, 1.29212, 0.926015;
    0.89157, 1.12216, 1.2115, 1.2916, 0.975323;
    0.935252, 1.14183, 1.22922, 1.27739, 1.01924;
    0.980386, 1.15705, 1.24821, 1.24818, 1.05772;
    1.0242, 1.16988, 1.26681, 1.20597, 1.09123;
    1.06355, 1.18229, 1.28254, 1.15489, 1.12039;
    1.09636, 1.19587, 1.29212, 1.09923, 1.14569;
    1.12216, 1.2115, 1.2916, 1.04227, 1.16752;
    1.14183, 1.22922, 1.27739, 0.986115, 1.18619;
    1.15705, 1.24821, 1.24818, 0.931849, 1.20203;
    1.16988, 1.26681, 1.20597, 0.8798, 1.21561;
    1.18229, 1.28254, 1.15489, 0.829829, 1.22783;
